SexyPUP 1(+0) 2(+0) 0(+0) 1(+0) 4753(+7) 914(+3)
WEBANGEL 8(+O) 70(+0) 66(+0) 15(+0) 2137(+4) 634(+2)
S Blackstar 1(+0) 2(+0) 2(+0) 3(+0) 7925(+18) 578(+1 )

Zaratus 98(+0) 54(+0) 498(+2) 191(+0) 3577(+7) 551(+1)

L T 1(+0) 7(+0) 1(+0) 1(+0) 3377(+4) 510(+8)
shrike 1(+0) 0(+0) 530(+5) 77(+1) 5269(+9) 503(+0)
Stunnz 1(+0) 2(+0) 4(+0) 0(+0) 5237(+15) 499(+3)

SavageHenry 14(+0) 0(+0) 0(+0) 2(+0) 2835(+3) 485(+4)

Fe4rLess 1(+0) 3(+0) 17(+0) 128(+0) 2711(+8) 481(+0)

XXWA'I'I'YXX 16(+0) 34(+0) 116(+0) 486(+0) 3830(+5) 480(+2)
WINDOWLICKER 146(+0) 28(+0) 170(+0) 183(+0) 2725(+0) 473(+0)
Lady Dirla 2(+0) 2(+0) 217(+0) 295(+0) 4493(+10) 450(+1)
Birdyy 2(+0) 2(+0) 6(+0) 5(+0) 4538(+21 ) 449(+2)
Lord Goblin 4(+0) 2(+0) 45(+0) 4(+0) 3548(+7) 438(+1 )
AlessioQ 0(+0) 2(+0) 5(+0) 18(+0) 3446(+12) 405(+1)
Thor Ride 0(+0) 0(+0) 1(+0) 8(+O) 2419(+0) 402(+2)
SSC 1(+0) 82(+0) 196(+O) 85(+0) 2459(+3) 381(+2)
CrimsonM age 1(+0) 2(+0) 3(+0) 32(+0) 3254(+11) 370(+1)
Moneta 6(+0) 0(+0) 11(+0) 18(+0) 2683(+3) 369(+4)
Dr DOOM 28(+0) 29(+0) 174(+0) 270(+0) 3604(+0) 361(+0)
Two faces 11(+0) 3(+0) 6(+0) 21(+0) 2703(+8) 357(+1)
Effe 2(+0) 0(+0) 9(+0) 11(+0) 4066(+14) 341(+1)
Amelena 0(+0) 2(+0) 12(+0) 17(+0) 2507(+8) 328(+0)
Athena Owl 3(+0) 5(+0) 36(+0) 1(+0) 3199(+6) 319(+2)
LARISSA 0(+0) 7(+0) 3(+0) 1(+0) 1941(+8) 313(+0)
CORtEX 0(+0) 0(+0) 0(+0) 0(+0) 1567(+13) 300(+0)
Georgeßylis 1(+0) 0(+0) 13(+0) 18(+0) 2986(+14) 294(+2)
nobrownie 0(+0) 5(+0) 4(+0) 2(+0) 3058(+28) 281(+3)
Slack0fDoom 4(+0) 9(+0) 21(+O) 28(+0) 1993(+9) 255(+0)
Xarcon 0(+0) 38(+0) 108(+0) 17(+0) 2923(+7) 240(+0)
Knowbody 0(+0) 12(+0) 0(+0) 10(+0) 2269(+10) 235(+0)
Amarilus 0(+0) 56(+0) 169(+0) 13(+0) 2291(+5) 231(+2)
Rosamunde91 0(+0) 0(+0) 0(+0) 0(+0) 2396(+1) 225(+3)
Khraan 0(+0) 2(+0) 1(+0) 1(+0) 3212(+11) 21 (5(+0)

pic 0(+0) 0(+0) 0(+0) 0(+0) 1265(+8) 208(+1)

The Doge 0(+0) 0(+0) 0(+0) 4(+0) 2236(+7) 206(+2)
Cearmada 2(+0) 4(+0) 24(+0) 7(+0) 2731(+7) 205(+0)
AoDCthulhu 25(+0) 3(+0) 87(+0) 122(+0) 3370(+0) 201(+0)
Spartan1313 0(+0) 1(+0) 1(+0) 0(+0) 2997(+7) 199(+0)

Favofest 2(+0) 1(+0) 2(+0) 1(+0) 2539(+1) 189(+0)
xXoGenooXx 417(+0) 165(+0) 1232(+0) 647(+0) 6482(+9) 185(+0)

XRACHELX 0(+0) 0(+0) 0(+0) 2(+0) 1374(+3) 166(+2)
shinigamisan 2(+0) 40(+0) 28(+0) 10(+0) 3082(+8) 151(+0)

OiAvolA 3(+0) 1(+0) 1(+0) 4(+0) 2111(+8) 155(+2)
mituk86 0(+0) 0(+0) 0(+0) 0(+0) 2130(+4) 145(+4)
DiAblitA 0(+0) 0(+0) 0(+0) 1(+0) 2382(+9) 137(+0)
JerSi 1(+0) 0(+0) 0(+0) 0(+0) 3354(+11) 131(+0)
RhaeNyrA 0(+0) 14(+0) 2(+0) 3(+0) 3404(+17) 123(+0)
Kazeh 0(+0) 0(+0) 0(+0) 0(+0) 1322(+5) 100(+2)
StormerHavoc 9(+0) 36(+0) 37(+0) 405(+0) 3953(+0) 95(+0)
Ba1erion 0(+0) 0(+0) 0(+0) 0(+0) 1700(+10) 83(+0)
Shatoni 0(+0) 0(+0) 34(+0) 11(+0) 3057(+7) 80(+0)
Dopehop 0(+0) 0(+0) 0(+0) 0(+0) 785(+11) 80(+0)
Hadzy 0(+0) 0(+0) 0(+0) 0(+0) 1728(+12) 78(+0)
MUDKIP 0(+0) 0(+0) 0(+0) 0(+0) 2366(+0) 76(+0)
DynamoDave 0(+0) 0(+0) 0(+0) 2(+0) 3620(+7) 74(+0)
XPred Taly X 0(+0) 1(+0) 103(+3) 4(+1) 426(+8) 41(+1)
MyLord 0(+0) 0(+0) 0(+0) 0(+0) 419(+11) 37(+0)
HSU Y 0(+0) 0(+0) 0(+0) 0(+0) 374(+6) 36(+1)
Ragnarek 1(+0) 0(+0) 0(+0) 1(+0) 332(+7) 33(+0)
Mr Boombastc 0(+0) 0(+0) 1 1(+3) 3(+0) 226(+12) 29(+4)
Sentinelle12 0(+0) 0(+0) 0(+0) 0(+0) 448(+8) 27(+0)
Vit121 0(+0) 0(+0) 0(+0) 0(+0) 448(+8) 27(+0)
ProtheaN 0(+0) 0(+0) 0(+0) 0(+0) 168(+7) 22(+2)
Cypherr 0(+0) 0(+0) 0(+0) 1(+0) 160(+7) 22(+1)
irysman 0(+0) 0(+0) 0(+0) 0(+0) 205(+22) 17(+0)
IShow5peed 0(+0) 1(+0) 0(+0) 0(+0) 120(+6) 13(+2)
AminhaVida 0(+0) 0(+0) 188(+1) 30(+0) 410(+8) 6(+0)
Didic 0(+0) 0(+0) 0(+0) 0(+0) 110(+0) 5(+0)
samkoukai 0(+0) 0(+0) 0(+0) 0(+0) 2(+2) 4(+4)
x Neo x 0(+0) 0(+0) 0(+0) 0(+0) 1(+1) 4(+4)
The Plague 0(+0) 0(+0) 5(+5) 0(+0) 0(+0) 4(+4)
Bobwire 0(+0) 0(+0) 6(+0) 3(+0) 966(+8) 3(+0)
Lord Tulip 0(+0) 0(+0) 0(+0) 0(+0) 14(+14) 3(+3)
PacoVega 0(+0) 0(+0) 0(+0) 0(+0) 7(+7) 3(+3)

DYDY 0(+0) 0(+0) 0(+0) 0(+0) 5(+5) 3(+3)
69KLIM 69 0(+0) 0(+0) 0(+0) 0(+0) 4(+4) 3(+3)
Kissabath 0(+0) 0(+0) 0(+0) 0(+0) 4(+4) 3(+3)

Vredesbyrdd 0(+0) 0(+0) 0(+0) 0(+0) 10(+10) 2(+2)
Arthurion 0(+0) 0(+0) 0(+0) 0(+0) 10(+10) 2(+2)

Abdulleq 0(+0) 0(+0) 0(+0) 0(+0) 10(+10) 2(+2)

Zarachiel 0(+0) 0(+0) 0(+0) 0(+0) 10(+10) 2(+2)
XXKENPACHIXX 0(+0) 0(+0) 0(+0) 0(+0) 8(+8) 2(+2)
)aken v 0(+0) 0(+0) 0(+0) 0(+0) 6(+6) 2(+2)
ninna 0(+0) 0(+0) 0(+0) 0(+0) 14(+14) 1(+1)
BANK k101 0(+0) 0(+0) 0(+0) 0(+0) 8(+8) 1(+1)
LadyAyla 0(+0) 0(+0) 0(+0) 0(+0) 3483(+14) 0(+0)
Capt Black 0(+0) 0(+0) 0(+0) 0(+0) 19(+19) 0(+0)
Tershav 0(+0) 0(+0) 0(+0) 0(+0) 13(+13) 0(+0)
Grypho$ 0(+0) 0(+0) 1(+1) 0(+0) 12(+12) 0(+0)
Day0 0(+0) 0(+0) 0(+0) 0(+0) 12(+12) 0(+0)
Anubis 1 0(+0) 0(+0) 0(+0) 0(+0) 11(+11) 0(+0)
Ashrak Jaffa 0(+0) 0(+0) 0(+0) 0(+0) 10(+10) 0(+0)
Raimund 0(+0) 0(+0) 0(+0) 0(+0) 7(+7) 0(+0)